00000000010000000000010100010011
00001111110000010000011000010111
00000000000000000000000000010011
11111111110001100000011000010011
00000001100000000000000011101111
00000000101100000000010100110011
00000000000000000000000000010011
00000000000000000000000000010011
00000000000100000000100010010011
00000000000000000000000000010011
00000000000000000000000000010011
00000000000000000000000001110011
00000000000000000000000000010011
00000000000000000000000000010011
00000000000000000000000000010011
00000000101000000000100010010011
00000000000000000000000000010011
00000000000000000000000000010011
00000000000000000000000001110011
11111111100000010000000100010011
00000000000000000000000000010011
00000000101000010010001000100011
00000000000100010010000000100011
00000000101000000100011001100011
00000000000100000000010110010011
00000000000000000000000000010011
00000000000000000000000000010011
00000000000000001000000011100111
11111111111101010000010100010011
11111110010111111111000011101111
00000000000000010010000010000011
00000000010000010010010100000011
00000000100000010000000100010011
00000000010000000000001010010011
00000000000000000000000000010011
00000010010101010000001010110011
00000000000000000000000000010011
00000000010101100000001010110011
00000000000000000000000000010011
00000000000000101010001100000011
00000000000000000000000000010011
00000010011001011000010110110011
00000000000000001000000011100111
00000000000000000000000000010011
00000000000100000000011010010011
00000000000000000000000000010011
00000000000000000000000000010011
00000000000000000000011100010011
00000000000000000000000000010011
00000010111001010100000001100011
00000000000000000000000000010011
00000000000000000000000000010011
00000000010000000000001010010011
00000000000000000000000000010011
00000010010101110000001010110011
00000000000000000000000000010011
00000000010101100000001010110011
00000000000000000000000000010011
00000000000000101010001100000011
00000000000000000000000000010011
00000010011001101000011010110011
00000000000101110000011100010011
11111110010111111111000001101111
00000000000000000000000000010011
00000000110100000000010110110011
00000000000000001000000011100111
